5% accuracies:
0.6407766990291263
0.6699029126213593
0.6601941747572816
0.5533980582524272
0.5825242718446602
0.6019417475728155
0.6310679611650486
0.7281553398058253
0.49514563106796117
0.5922330097087378
10% accuracies:
0.6213592233009708
0.6213592233009708
0.6601941747572816
0.6796116504854369
0.6601941747572816
0.6310679611650486
0.6893203883495146
0.7475728155339806
0.7281553398058253
0.5048543689320388
20% accuracies:
0.6310679611650486
0.6990291262135923
0.7281553398058253
0.6699029126213593
0.7961165048543689
0.6990291262135923
0.7475728155339806
0.7378640776699029
0.7281553398058253
0.7378640776699029
50% accuracies:
0.7475728155339806
0.6893203883495146
0.7087378640776699
0.7669902912621359
0.7669902912621359
0.8252427184466019
0.6796116504854369
0.7572815533980582
0.7669902912621359
0.7572815533980582
100% accuracy:
0.6893203883495146
